;Year;Month;vivienda;justicia;educación;empleo;medio ambiente;salud;social;ideología;economía;internacional;cultura;inseguridad ciudadana;jóvenes;servicios públicos e infraestructuras;corrupción;fuerzas armadas;tecnologia e investigación;terrorismo;otros
0;2000.0;9.0;0.0636094674556;0.012573964497;0.0244082840237;0.0562130177515;0.0506656804734;0.0151627218935;0.0358727810651;0.00924556213018;0.377588757396;0.0314349112426;0.0236686390533;0.010724852071;0.0569526627219;0.0902366863905;0.0347633136095;0.0151627218935;0.0743343195266;0.0173816568047;0.0
1;2000.0;10.0;0.0;0.0620111731844;0.0072625698324;0.0446927374302;0.063687150838;0.0960893854749;0.0;0.0;0.274860335196;0.0698324022346;0.00391061452514;0.0173184357542;0.140223463687;0.022905027933;0.0486033519553;0.0195530726257;0.0541899441341;0.0748603351955;0.0
2;2000.0;11.0;0.0;0.0421686746988;0.044578313253;0.0614457831325;0.0204819277108;0.033734939759;0.0;0.0;0.3;0.0;0.0;0.0759036144578;0.089156626506;0.136144578313;0.055421686747;0.110843373494;0.0;0.0301204819277;0.0
3;2000.0;12.0;0.0;0.0607187112763;0.0198265179678;0.0204460966543;0.0910780669145;0.134448574969;0.0514250309789;0.0570012391574;0.210656753408;0.0;0.0130111524164;0.0;0.0;0.137546468401;0.0600991325898;0.0588599752169;0.0204460966543;0.0644361833953;0.0
131;2001.0;1.0;0.0;0.0509561769161;0.0167248061782;0.03065768991;0.0995448719263;0.0925243199204;0.0480933134136;0.0285006195787;0.238477906383;0.0163801492053;0.0340761243755;0.00502757054817;0.0264352903017;0.113534830049;0.0504842078778;0.0548921997395;0.0410371903966;0.0526527332805;0.0
4;2001.0;2.0;0.0;0.041193642556;0.0136230943886;0.0408692831657;0.108011676938;0.0506000648719;0.0447615958482;0.0;0.266299059358;0.0327602984106;0.0551410963347;0.0100551410963;0.0528705806033;0.0895231916964;0.0408692831657;0.0509244242621;0.0616282841388;0.0408692831657;0.0
5;2001.0;3.0;0.0;0.0280739161336;0.0131485429993;0.115138592751;0.104122245913;0.0607675906183;0.0;0.0273631840796;0.255152807392;0.0486851457001;0.00995024875622;0.0;0.043354655295;0.0483297796731;0.0550817341862;0.0874200426439;0.0536602700782;0.0497512437811;0.0
6;2001.0;4.0;0.0;0.0843971631206;0.0450354609929;0.077304964539;0.0882978723404;0.063475177305;0.0308510638298;0.0283687943262;0.266666666667;0.027304964539;0.0290780141844;0.0;0.05;0.0769503546099;0.0166666666667;0.0;0.0489361702128;0.0666666666667;0.0
7;2001.0;5.0;0.00957264957265;0.0218803418803;0.0283760683761;0.0454700854701;0.0584615384615;0.0564102564103;0.0;0.00273504273504;0.317264957265;0.0687179487179;0.0112820512821;0.0208547008547;0.105641025641;0.0810256410256;0.0181196581197;0.0396581196581;0.0280341880342;0.0864957264957;0.0
8;2001.0;6.0;0.04;0.0842666666667;0.0336;0.032;0.0736;0.0389333333333;0.0;0.0;0.272;0.0565333333333;0.0432;0.0122666666667;0.0;0.124266666667;0.0496;0.072;0.0416;0.0261333333333;0.0
132;2001.0;7.0;0.0270588235294;0.0664470588235;0.0240549019608;0.0320784313725;0.073662745098;0.0320156862745;0.0;0.00529411764706;0.256196078431;0.0841490196078;0.0388549019608;0.0108392156863;0.0247058823529;0.114290196078;0.0634274509804;0.0722745098039;0.0478588235294;0.0267921568627;0.0
9;2001.0;9.0;0.0141176470588;0.0486274509804;0.0145098039216;0.0321568627451;0.0737254901961;0.0250980392157;0.0;0.0105882352941;0.240392156863;0.111764705882;0.0345098039216;0.00941176470588;0.0494117647059;0.10431372549;0.0772549019608;0.0725490196078;0.0541176470588;0.0274509803922;0.0
10;2001.0;10.0;0.0;0.0199475065617;0.0146981627297;0.0845144356955;0.0393700787402;0.10813648294;0.0740157480315;0.0120734908136;0.343307086614;0.0251968503937;0.0;0.0514435695538;0.0194225721785;0.00787401574803;0.0146981627297;0.0367454068241;0.0929133858268;0.0556430446194;0.0
11;2001.0;11.0;0.0372670807453;0.0275066548358;0.139307897072;0.0;0.0931677018634;0.0;0.072759538598;0.0;0.376220053239;0.0;0.00976042590949;0.0;0.0621118012422;0.0763087843833;0.0665483584738;0.0;0.039041703638;0.0;0.0
12;2001.0;12.0;0.0;0.0208676551345;0.0609555189456;0.0;0.048325096101;0.061504667765;0.0;0.0313014827018;0.402526084569;0.100494233937;0.0120812740253;0.0208676551345;0.0;0.053267435475;0.0;0.0444810543657;0.0801757276222;0.063152114223;0.0
133;2002.0;1.0;0.0136550692106;0.0104338275673;0.0594713995776;0.0129068462402;0.0492280175604;0.0436591801227;0.0187055742611;0.0229459153127;0.339310180332;0.116090738368;0.00604063701263;0.0409239136129;0.0274971941639;0.0754552665591;0.0;0.0222405271829;0.0574840478739;0.0839516650426;0.0
13;2002.0;2.0;0.0273101384212;0.0;0.0579872802095;0.0258136924804;0.0501309390198;0.0258136924804;0.0374111485223;0.0145903479237;0.276094276094;0.131687242798;0.0;0.0609801720913;0.0549943883277;0.0976430976431;0.0;0.0;0.0347923681257;0.104751215862;0.0
14;2002.0;3.0;0.0;0.0340030911901;0.0471406491499;0.0166151468315;0.0633693972179;0.0146831530139;0.0212519319938;0.0112055641422;0.213678516229;0.0595054095827;0.0741885625966;0.0513910355487;0.0710973724884;0.14142194745;0.0459814528594;0.0494590417311;0.0220247295209;0.0629829984544;0.0
15;2002.0;4.0;0.0158030135979;0.0102903344359;0.0393237780228;0.047776552738;0.0485115766262;0.0172730613745;0.0246233002573;0.0;0.342521131937;0.0602719588387;0.00514516721793;0.00661521499449;0.0735023888276;0.128996692393;0.0760749724366;0.0374862183021;0.0297684674752;0.0360161705255;0.0
16;2002.0;5.0;0.0;0.022607022607;0.022607022607;0.022126022126;0.0865800865801;0.0;0.039923039923;0.012506012506;0.325637325637;0.102453102453;0.03367003367;0.0606060606061;0.0543530543531;0.028379028379;0.043771043771;0.0;0.101491101491;0.04329004329;0.0
17;2002.0;6.0;0.0152671755725;0.0202290076336;0.0145038167939;0.190076335878;0.0374045801527;0.0148854961832;0.0488549618321;0.0;0.193893129771;0.0614503816794;0.0152671755725;0.0812977099237;0.0851145038168;0.120610687023;0.0229007633588;0.0259541984733;0.025572519084;0.0267175572519;0.0
134;2002.0;7.0;0.00763358778626;0.0188532851111;0.0285084034371;0.126922910499;0.0982960548378;0.0074427480916;0.0326938956539;0.00921114785073;0.259676843582;0.0663888658515;0.0246387838184;0.0550560349335;0.0557835154889;0.100220317531;0.0265661114857;0.043917108684;0.012786259542;0.0254041258154;0.0
18;2002.0;9.0;0.0;0.0174775625886;0.0425129900803;0.0637694851205;0.159187529523;0.0;0.0165328294757;0.0184222957015;0.325460557393;0.0713273500236;0.0340103920642;0.0288143599433;0.0264525271611;0.0798299480397;0.0302314596127;0.0618800188947;0.0;0.0240906943788;0.0
19;2002.0;10.0;0.0978934324659;0.0388269310202;0.0735233374639;0.058653448988;0.0322180916976;0.0173482032218;0.0441966129698;0.0;0.343246592317;0.0136307311029;0.0532837670384;0.062370921107;0.0462618752582;0.0152829409335;0.0322180916976;0.0033044196613;0.0388269310202;0.0289136720363;0.0
20;2002.0;11.0;0.0806028833552;0.0249017038008;0.0366972477064;0.0262123197903;0.0694626474443;0.0;0.0111402359109;0.0;0.281782437746;0.0;0.0714285714286;0.0301441677588;0.0661861074705;0.0950196592398;0.0668414154653;0.0858453473132;0.019003931848;0.0347313237221;0.0
21;2002.0;12.0;0.07824933687;0.105437665782;0.0;0.0;0.113395225464;0.0;0.0;0.0;0.0510610079576;0.0;0.0384615384615;0.00729442970822;0.051724137931;0.0689655172414;0.109416445623;0.244694960212;0.102122015915;0.0291777188329;0.0
135;2003.0;1.0;0.0652791433022;0.0610964381221;0.0;0.014303228443;0.129031082287;0.0;0.0075602778913;0.0;0.110736879132;0.008173273396;0.0564191631825;0.0312320125656;0.0415956202528;0.0504206417429;0.0863796572212;0.233299666457;0.0598472768583;0.0446256391467;0.0
22;2003.0;2.0;0.0523089497344;0.0167552104618;0.0;0.028606456886;0.144666939109;0.0;0.0151205557826;0.0;0.170412750306;0.016346546792;0.0743767879036;0.055169595423;0.0314671025746;0.0318757662444;0.063342868819;0.221904372701;0.0175725378014;0.0600735594606;0.0
23;2003.0;3.0;0.0;0.0185109008638;0.0;0.0123406005759;0.0584121760592;0.0;0.0;0.0119292472234;0.146441793501;0.0835047305636;0.0152200740436;0.0222130810366;0.048128342246;0.152200740436;0.0160427807487;0.293294940354;0.0958453311394;0.0259152612094;0.0
24;2003.0;4.0;0.0138331102187;0.0;0.0352521195895;0.0151717983043;0.0892458723784;0.0151717983043;0.0;0.0;0.14145470772;0.0678268630076;0.0821062025881;0.0;0.0;0.0874609549308;0.0321285140562;0.359660865685;0.0352521195895;0.0254350736278;0.0
25;2003.0;5.0;0.0944069813566;0.0238000793336;0.0138833796113;0.0761602538675;0.0686235620785;0.0162633875446;0.0119000396668;0.00952003173344;0.178500595002;0.0634668782229;0.0491868306228;0.0230067433558;0.070606902023;0.0940103133677;0.0162633875446;0.0587068623562;0.0952003173344;0.0364934549782;0.0
26;2003.0;6.0;0.00574712643678;0.0387931034483;0.0;0.0474137931034;0.0680076628352;0.0;0.0;0.0;0.0962643678161;0.0186781609195;0.0387931034483;0.0186781609195;0.0459770114943;0.172413793103;0.0670498084291;0.217911877395;0.0708812260536;0.0933908045977;0.0
136;2003.0;7.0;0.0103972089622;0.0765762593768;0.0139724849527;0.0385392267323;0.0750614410479;0.00881341358555;0.0193465176268;0.0;0.168295554501;0.00933908045977;0.0215461647938;0.013853267906;0.0453444816715;0.14295668159;0.0380390916608;0.175164021242;0.0491981366726;0.0935569672172;0.0
27;2003.0;9.0;0.0150472914875;0.114359415305;0.0279449699054;0.0296646603611;0.0821152192605;0.0176268271711;0.0386930352537;0.0;0.240326741187;0.0;0.00429922613929;0.00902837489252;0.0447119518487;0.113499570077;0.00902837489252;0.13241616509;0.0275150472915;0.0937231298366;0.0
28;2003.0;10.0;0.142153413089;0.0302603800141;0.0218156228008;0.0499648135116;0.106263194933;0.0;0.0225193525686;0.0337790288529;0.185784658691;0.0246305418719;0.027445460943;0.143560872625;0.0253342716397;0.0781140042224;0.0;0.0591133004926;0.0295566502463;0.0197044334975;0.0
29;2003.0;11.0;0.045648204504;0.0377358490566;0.0231284236153;0.0146074254413;0.0;0.0334753499696;0.0;0.0;0.241631162508;0.0279975654291;0.0480827754108;0.00852099817407;0.0;0.245891661595;0.0237370663421;0.162507608034;0.0566037735849;0.030432136336;0.0
30;2003.0;12.0;0.0487804878049;0.0919324577861;0.0206378986867;0.0350218886804;0.0481550969356;0.0;0.0;0.0;0.31832395247;0.0262664165103;0.025641025641;0.0;0.0419011882427;0.116948092558;0.00375234521576;0.129455909944;0.0218886804253;0.0712945590994;0.0
137;2004.0;1.0;0.0323234380569;0.077699005511;0.0456007865041;0.0392228441314;0.075643310472;0.00730688935282;0.0;0.00668058455115;0.29486134993;0.0408993877959;0.0428831433007;0.00897703549061;0.064583161971;0.0714176788468;0.0296423521486;0.0720348443247;0.0149109372899;0.0753132503222;0.0
138;2004.0;2.0;0.024094913183;0.0705822793735;0.0580822304128;0.041323321857;0.0893874172402;0.0109603340292;0.0;0.0100208768267;0.28313004866;0.0482158734386;0.0515042021305;0.0134655532359;0.0759241488352;0.0486524719912;0.042587355615;0.0433243115152;0.0114220657222;0.0773225959335;0.0
139;2004.0;3.0;0.019980650746;0.0670239163047;0.0643229523672;0.0423735607197;0.0962594706243;0.0127870563674;0.0;0.0116910229645;0.277264398025;0.05187411626;0.0558147315454;0.0157098121086;0.0815946422673;0.0372698685635;0.0490598573482;0.0289690451104;0.00967762993834;0.0783272687392;0.0
140;2004.0;4.0;0.0179235195275;0.0652447347703;0.0674433133443;0.0428986801511;0.0996954973163;0.0137004175365;0.0;0.0125260960334;0.274331572708;0.0537032376707;0.0579699962529;0.0168319415449;0.0844298889833;0.0315785668496;0.0522961082148;0.021791411908;0.00880541204641;0.078829605142;0.0
31;2004.0;5.0;0.015866388309;0.0634655532359;0.0705636743215;0.0434237995825;0.103131524008;0.0146137787056;0.0;0.0133611691023;0.27139874739;0.0555323590814;0.0601252609603;0.0179540709812;0.0872651356994;0.0258872651357;0.0555323590814;0.0146137787056;0.00793319415449;0.0793319415449;0.0
32;2004.0;6.0;0.0224782242203;0.0918797415004;0.0250070244451;0.0314695139084;0.0823264962068;0.00871031188536;0.00505760044956;0.00871031188536;0.183759483001;0.0404608035965;0.0292216914864;0.017139645968;0.0915987636977;0.098061253161;0.0264119134588;0.128125878056;0.00168586681652;0.107895476257;0.0
141;2004.0;7.0;0.0112391121101;0.0836428869915;0.0194640690671;0.0470572627547;0.101101376487;0.0176962232281;0.0098760546718;0.00435515594268;0.248492270503;0.0652806724866;0.0173177289605;0.00953656699017;0.070354679606;0.091760711654;0.0360211152754;0.0905517247973;0.000842933408261;0.075409455066;0.0
33;2004.0;9.0;0.0;0.0754060324826;0.0139211136891;0.0626450116009;0.119876256767;0.0266821345708;0.014694508894;0.0;0.313225058005;0.0901005413766;0.00541376643465;0.00193348801237;0.0491105955143;0.0854601701469;0.045630317092;0.0529775715391;0.0;0.0429234338747;0.0
34;2004.0;10.0;0.042735042735;0.0612535612536;0.0548433048433;0.0292022792023;0.0534188034188;0.0178062678063;0.019943019943;0.0327635327635;0.237891737892;0.14245014245;0.0826210826211;0.0;0.0249287749288;0.0633903133903;0.00997150997151;0.0676638176638;0.02849002849;0.0306267806268;0.0
35;2004.0;11.0;0.0;0.212273641851;0.0337022132797;0.00855130784708;0.104124748491;0.0;0.0105633802817;0.0;0.161971830986;0.126257545272;0.0206237424547;0.0206237424547;0.04476861167;0.0321931589537;0.0407444668008;0.104124748491;0.0427565392354;0.0367203219316;0.0
36;2004.0;12.0;0.0172786177106;0.0129589632829;0.0302375809935;0.0142548596112;0.0570194384449;0.0812095032397;0.0;0.0116630669546;0.376673866091;0.0142548596112;0.0181425485961;0.0393088552916;0.0241900647948;0.05313174946;0.0518358531317;0.10626349892;0.0423326133909;0.0492440604752;0.0
142;2005.0;1.0;0.0254910897821;0.0507154065744;0.0151187904968;0.0126808576111;0.0886399375296;0.0555415574414;0.00478743776331;0.00583153347732;0.278915255527;0.0477249020385;0.0138587120614;0.0276973230881;0.0465645842932;0.0809511677212;0.0657494087566;0.0711325154501;0.0294006996484;0.0791988207393;0.0
37;2005.0;2.0;0.0337035618537;0.088471849866;0.0;0.0111068556109;0.120260436614;0.029873611643;0.00957487552662;0.0;0.181156644964;0.0811949444657;0.00957487552662;0.0160857908847;0.0689391037917;0.108770585982;0.0796629643815;0.0360015319801;0.0164687859058;0.109153581003;0.0
38;2005.0;3.0;0.0226055919096;0.0243902439024;0.0226055919096;0.0511600237954;0.046995835812;0.0237953599048;0.0;0.0261748958953;0.240333135039;0.0612730517549;0.0356930398572;0.0386674598453;0.0160618679358;0.168947055324;0.034503271862;0.0505651397977;0.0261748958953;0.11005353956;0.0
39;2005.0;4.0;0.040765391015;0.0133111480865;0.0557404326123;0.0698835274542;0.145590682196;0.0108153078203;0.0303660565724;0.0178868552413;0.185524126456;0.0324459234609;0.0178868552413;0.029534109817;0.0765391014975;0.0299500831947;0.0574043261231;0.074459234609;0.0345257903494;0.0773710482529;0.0
40;2005.0;5.0;0.0207219251337;0.0588235294118;0.0942513368984;0.118315508021;0.120989304813;0.0387700534759;0.0;0.0233957219251;0.120320855615;0.0494652406417;0.0274064171123;0.0300802139037;0.0681818181818;0.0307486631016;0.0681818181818;0.0701871657754;0.0167112299465;0.043449197861;0.0
41;2005.0;6.0;0.013855898654;0.0514647664291;0.0292953285827;0.00870942201108;0.123119556611;0.0233570863025;0.00395882818686;0.0126682501979;0.180522565321;0.0859065716548;0.0;0.0530482977039;0.0673000791766;0.0961995249406;0.0851148060174;0.0799683293745;0.0391923990499;0.0463182897862;0.0
143;2005.0;7.0;0.012799835448;0.0437039134637;0.0212312941846;0.0237497287991;0.0939441199426;0.0253796107669;0.0204847521717;0.0285761179815;0.275492599386;0.0659070224822;0.0119217081851;0.0444956791011;0.0724400751755;0.0772812571322;0.0544791111938;0.0504823853278;0.028492996678;0.0491377925799;0.0
42;2005.0;9.0;0.011743772242;0.0359430604982;0.0131672597865;0.0387900355872;0.064768683274;0.0274021352313;0.0370106761566;0.0444839857651;0.370462633452;0.0459074733096;0.0238434163701;0.0359430604982;0.0775800711744;0.0583629893238;0.0238434163701;0.0209964412811;0.017793594306;0.0519572953737;0.0
43;2005.0;10.0;0.0220994475138;0.024861878453;0.0;0.0779005524862;0.140331491713;0.0;0.0243093922652;0.0;0.177900552486;0.0204419889503;0.021546961326;0.0237569060773;0.174033149171;0.0685082872928;0.0;0.102209944751;0.0419889502762;0.0801104972376;0.0
44;2005.0;11.0;0.0428730512249;0.011135857461;0.097438752784;0.0;0.136971046771;0.0462138084633;0.0;0.0;0.185412026726;0.0890868596882;0.0189309576837;0.0;0.021714922049;0.127505567929;0.106904231626;0.0200445434298;0.0;0.0957683741648;0.0
45;2005.0;12.0;0.0;0.0150281778334;0.0425798371947;0.0450845335003;0.205385097057;0.0256731371321;0.0231684408265;0.0150281778334;0.177207263619;0.0538509705698;0.0482154038823;0.0363180964308;0.0594865372574;0.090795241077;0.0281778334377;0.0;0.0519724483406;0.0820288040075;0.0
144;2006.0;1.0;0.016639935846;0.0734723888365;0.0212899185974;0.0271533333099;0.133366165209;0.0495246198892;0.0194029854494;0.0137290047146;0.199670191553;0.0403577226546;0.0241077019411;0.0388086071569;0.0870808788933;0.06604717948;0.0313302960292;0.0132317562149;0.0558579162313;0.0889293979941;0.0
46;2006.0;2.0;0.0332798716921;0.13191659984;0.0;0.00922213311949;0.0613472333601;0.0733761026464;0.0156375300722;0.0124298315958;0.222133119487;0.0268644747394;0.0;0.0412991178829;0.114675220529;0.0412991178829;0.0344827586207;0.0264635124298;0.0597433841219;0.0958299919808;0.0
47;2006.0;3.0;0.0677029360967;0.0915371329879;0.0134715025907;0.047322970639;0.101899827288;0.0317789291883;0.0259067357513;0.0124352331606;0.193436960276;0.0355785837651;0.0331606217617;0.0348877374784;0.0880829015544;0.0818652849741;0.00725388601036;0.0328151986183;0.0165803108808;0.0842832469775;0.0
48;2006.0;4.0;0.0369108461102;0.00965360590574;0.0;0.0374787052811;0.132311186826;0.0414537194776;0.0465644520159;0.0;0.21465076661;0.0147643384441;0.0647359454855;0.0590573537763;0.0488358886996;0.145371947757;0.023282226008;0.0210107893242;0.0;0.103918228279;0.0
49;2006.0;5.0;0.0184515195369;0.0835745296671;0.0;0.0383502170767;0.121201157742;0.0705499276411;0.0303907380608;0.0;0.15991316932;0.0745296671491;0.0;0.00795947901592;0.0770622286541;0.0376266280753;0.0748914616498;0.0781476121563;0.0452243125904;0.0821273516643;0.0
50;2006.0;6.0;0.0678336980306;0.10010940919;0.02352297593;0.0;0.13238512035;0.0415754923414;0.0;0.0;0.233041575492;0.00711159737418;0.0;0.0689277899344;0.0836980306346;0.0607221006565;0.0448577680525;0.0454048140044;0.0481400437637;0.0426695842451;0.0
145;2006.0;7.0;0.0339168490153;0.0612350565013;0.0196427196365;0.0113636363636;0.128692560175;0.0345340804815;0.0;0.00293255131965;0.233822840532;0.0319648895962;0.0150293255132;0.0559081764921;0.106731713265;0.0882789388913;0.0347089426773;0.0435968351547;0.0431316054596;0.0545092789261;0.0
51;2006.0;9.0;0.0;0.0223607038123;0.0157624633431;0.0227272727273;0.125;0.0274926686217;0.0;0.0058651026393;0.234604105572;0.0568181818182;0.0300586510264;0.0428885630499;0.129765395894;0.115835777126;0.0245601173021;0.041788856305;0.0381231671554;0.066348973607;0.0
52;2006.0;10.0;0.0;0.0558858501784;0.0463733650416;0.0814506539834;0.134363852556;0.0535077288942;0.0;0.0154577883472;0.167657550535;0.0844233055886;0.0457788347206;0.0190249702735;0.0481569560048;0.038644470868;0.0077288941736;0.0856123662307;0.0;0.115933412604;0.0
53;2006.0;11.0;0.023127753304;0.111233480176;0.0930616740088;0.0;0.179515418502;0.022577092511;0.0;0.0165198237885;0.143171806167;0.0203744493392;0.0390969162996;0.0;0.0479074889868;0.112885462555;0.0148678414097;0.023127753304;0.0693832599119;0.0831497797357;0.0
54;2006.0;12.0;0.0312954876274;0.114264919942;0.0;0.0;0.122998544396;0.0960698689956;0.0;0.0;0.0851528384279;0.114264919942;0.0269286754003;0.0247452692868;0.0720524017467;0.0;0.0815138282387;0.117176128093;0.0531295487627;0.0604075691412;0.0
146;2007.0;1.0;0.0319647601307;0.114824767663;0.0;0.0;0.141141851841;0.0542509407138;0.0149572649573;0.0238927738928;0.137953264591;0.0891837420222;0.0134643377001;0.0446181668889;0.0519547168019;0.0168997668998;0.0489154222779;0.117834373293;0.0362772840939;0.0618665662334;0.0
55;2007.0;2.0;0.032634032634;0.115384615385;0.0;0.0;0.159285159285;0.012432012432;0.0299145299145;0.0477855477855;0.190753690754;0.0641025641026;0.0;0.0644910644911;0.031857031857;0.0337995337995;0.016317016317;0.118492618493;0.019425019425;0.0633255633256;0.0
56;2007.0;3.0;0.0159195643067;0.0938416422287;0.0351906158358;0.0;0.0460829493088;0.0481776288228;0.0201089233347;0.0;0.221198156682;0.0351906158358;0.0439882697947;0.0134059488898;0.0335148722245;0.0305823209049;0.0666108085463;0.108085462924;0.0632593213238;0.124842899036;0.0
57;2007.0;4.0;0.0;0.0444170265268;0.0647748303516;0.0573719925972;0.0764959901295;0.0;0.0;0.0;0.236273904997;0.0431832202344;0.00863664404688;0.0579888957434;0.0734114743985;0.0715607649599;0.0462677359655;0.0265268352869;0.0271437384331;0.165946946329;0.0
58;2007.0;5.0;0.0382165605096;0.0154686078253;0.0409463148317;0.0204731574158;0.0919017288444;0.0350318471338;0.0;0.033212010919;0.28025477707;0.0277525022748;0.0350318471338;0.0;0.0191082802548;0.199272065514;0.024567788899;0.00636942675159;0.0122838944495;0.120109190173;0.0
59;2007.0;6.0;0.0220110055028;0.0695347673837;0.0455227613807;0.0585292646323;0.0885442721361;0.0405202601301;0.0140070035018;0.0040020010005;0.170585292646;0.0390195097549;0.0455227613807;0.0;0.153576788394;0.0790395197599;0.0135067533767;0.0940470235118;0.0190095047524;0.0430215107554;0.0
147;2007.0;7.0;0.03709827706;0.057068900195;0.049077170164;0.0488899668389;0.0781704411528;0.0394394342577;0.00700350175088;0.00200100050025;0.221108881827;0.051846953807;0.0388184725726;0.0;0.138340579746;0.0821156564009;0.0194652410951;0.0470235117559;0.0164182224922;0.0661137883839;0.0
60;2007.0;9.0;0.0521855486173;0.0446030330062;0.0526315789474;0.0392506690455;0.0677966101695;0.0383586083854;0.0;0.0;0.271632471008;0.0646743978591;0.0321141837645;0.0;0.123104371097;0.0851917930419;0.0254237288136;0.0;0.0138269402319;0.0892060660125;0.0
61;2007.0;10.0;0.0413043478261;0.15652173913;0.020652173913;0.0347826086957;0.0152173913043;0.0;0.0173913043478;0.0440217391304;0.152717391304;0.0;0.0184782608696;0.0146739130435;0.0760869565217;0.142934782609;0.0375;0.113043478261;0.0755434782609;0.0391304347826;0.0
62;2007.0;11.0;0.0;0.0;0.0696238068501;0.0449185850646;0.0668163952835;0.0432341381246;0.0;0.0;0.225715889949;0.078607523863;0.0477259966311;0.0213363279057;0.0864682762493;0.134755755194;0.0320044918585;0.078607523863;0.0202133632791;0.0499719258843;0.0
63;2007.0;12.0;0.0;0.0881670533643;0.0;0.0580046403712;0.0425367362722;0.0286156225831;0.0;0.0123743232792;0.127610208817;0.0262954369683;0.0386697602475;0.0;0.0355761794277;0.155452436195;0.126836813612;0.0572312451663;0.0092807424594;0.193348801237;0.0
148;2008.0;1.0;0.020035618878;0.0712429211612;0.0222617987533;0.0648438161785;0.0566646281539;0.0232125307929;0.00556544968833;0.0061871616396;0.144392815895;0.0536641922152;0.0253455657871;0.00645592163847;0.0714390247094;0.131154535105;0.0928039811603;0.0622309387007;0.0260116980329;0.116487401509;0.0
149;2008.0;2.0;0.030053428317;0.0627808550597;0.03339269813;0.0682634040821;0.0637285740948;0.0205109848978;0.0083481745325;0.0030935808198;0.152784119435;0.0673485698387;0.018683468557;0.0096838824577;0.0893704473502;0.119005584561;0.0757875649346;0.0647307854679;0.0343771758197;0.0780567016451;0.0
150;2008.0;3.0;0.0350623330365;0.0585498220089;0.0389581478183;0.0699731980339;0.0672605470652;0.0191602119502;0.00973953695459;0.0015467904099;0.156979771204;0.0741907586504;0.0153524199419;0.0112978628673;0.0983361586707;0.112931109288;0.0672793568217;0.0659807088515;0.038559914713;0.058841351713;0.0
151;2008.0;4.0;0.0375667853963;0.0564343054835;0.0417408726625;0.0708280950098;0.0690265335504;0.0184848254765;0.0104352181656;0.00077339520495;0.159077597089;0.0776118530563;0.0136868956343;0.0121048530721;0.102819014331;0.109893871652;0.0630252527652;0.0666056705433;0.0406512841597;0.049233676747;0.0
64;2008.0;5.0;0.040071237756;0.0543187889581;0.0445235975067;0.0716829919858;0.0707925200356;0.0178094390027;0.0111308993767;0.0;0.161175422974;0.0810329474622;0.0120213713268;0.0129118432769;0.107301869991;0.106856634016;0.0587711487088;0.0672306322351;0.0427426536064;0.0396260017809;0.0
65;2008.0;6.0;0.0;0.0203114421124;0.127962085308;0.107650643196;0.0216655382532;0.0257278266757;0.0270819228165;0.0243737305349;0.343263371699;0.0514556533514;0.0;0.0;0.0683818551117;0.0372376438727;0.0291130670278;0.0399458361544;0.011509817197;0.0643195666892;0.0
152;2008.0;7.0;0.0;0.0223601451599;0.117756786361;0.0538253215978;0.0279952405225;0.0151522428573;0.0135409614083;0.019433242079;0.332958916971;0.0394578037924;0.0;0.0137299771167;0.0563114462439;0.111296167474;0.0370584404551;0.0459073192976;0.0271126507801;0.0661033378831;0.0
66;2008.0;9.0;0.0;0.0244088482075;0.107551487414;0.0;0.0343249427918;0.0045766590389;0.0;0.0144927536232;0.322654462243;0.0274599542334;0.0;0.0274599542334;0.044241037376;0.185354691076;0.0450038138825;0.0518688024409;0.0427154843631;0.067887109077;0.0
67;2008.0;10.0;0.0491886409736;0.0289046653144;0.0;0.0557809330629;0.0;0.0197768762677;0.0116632860041;0.0162271805274;0.338235294118;0.0111561866126;0.0365111561866;0.0324543610548;0.146044624746;0.0562880324544;0.0278904665314;0.0851926977688;0.0;0.0846855983773;0.0
68;2008.0;11.0;0.0;0.0;0.0534082923401;0.146872803935;0.0231904427266;0.0281096275474;0.00562192550949;0.0;0.288123682361;0.135628952916;0.0;0.0;0.0920590302178;0.071679550246;0.0;0.0667603654252;0.0456781447646;0.0428671820098;0.0
69;2008.0;12.0;0.0;0.0243055555556;0.0451388888889;0.10625;0.116666666667;0.0;0.0180555555556;0.0166666666667;0.26875;0.0277777777778;0.0236111111111;0.0;0.0520833333333;0.147222222222;0.0416666666667;0.0208333333333;0.0645833333333;0.0263888888889;0.0
153;2009.0;1.0;0.0;0.0266951216614;0.031123764376;0.104023203593;0.0814299971486;0.0158254918734;0.00902777777778;0.00833333333333;0.292629918734;0.055377340557;0.0301973434084;0.0;0.0354514185914;0.158298878434;0.0332370972341;0.0104166666667;0.0626595024237;0.0452731441878;0.0
70;2009.0;2.0;0.0;0.0290846877673;0.0171086398631;0.101796407186;0.0461933276305;0.0316509837468;0.0;0.0;0.316509837468;0.0829769033362;0.0367835757057;0.0;0.0188195038494;0.169375534645;0.0248075278015;0.0;0.0607356715141;0.0641573994867;0.0
71;2009.0;3.0;0.026728646136;0.0156885531668;0.0273097036607;0.0592678675189;0.0656595002905;0.0214991284137;0.0162696106915;0.0;0.238233585125;0.0;0.0348634514817;0.0703079604881;0.0244044160372;0.0778617083091;0.0801859384079;0.0854154561302;0.11504938989;0.0412550842533;0.0
72;2009.0;4.0;0.032047089601;0.0235448005232;0.0;0.0379332897319;0.0483976455199;0.0405493786789;0.0202746893394;0.0529758011772;0.336167429693;0.0340091563113;0.0673642903859;0.0385873119686;0.0922171353826;0.0379332897319;0.0706344015697;0.0058862001308;0.0117724002616;0.0497056899935;0.0
73;2009.0;5.0;0.0826580226904;0.0599675850891;0.100486223663;0.0;0.0421393841167;0.0567260940032;0.0;0.0534846029173;0.163695299838;0.136142625608;0.0;0.0388978930308;0.123176661264;0.0713128038898;0.0194489465154;0.0518638573744;0.0;0.0;0.0
74;2009.0;6.0;0.0;0.0;0.04243281471;0.049504950495;0.049504950495;0.110325318246;0.0;0.0;0.398868458274;0.029702970297;0.0;0.0;0.115983026874;0.149929278642;0.0;0.0;0.035360678925;0.018387553041;0.0
154;2009.0;7.0;0.011861784425;0.0567302733368;0.047518624993;0.0335198811268;0.0247524752475;0.0636722001236;0.00567302733368;0.0;0.34744866957;0.0238767559066;0.00902527075812;0.0072202166065;0.0912560828027;0.113128641384;0.0190820010315;0.0477050025786;0.0553286117678;0.0422004810074;0.0
75;2009.0;9.0;0.0237235688499;0.113460546674;0.0526044352759;0.0175348117586;0.0;0.017019082001;0.0113460546674;0.0;0.296028880866;0.0180505415162;0.0180505415162;0.014440433213;0.0665291387313;0.0763280041258;0.0381640020629;0.0954100051573;0.0752965446106;0.0660134089737;0.0
76;2009.0;10.0;0.0;0.00486223662885;0.04943273906;0.0405186385737;0.0291734197731;0.0;0.0194489465154;0.047811993517;0.293354943274;0.0583468395462;0.0275526742301;0.0145867098865;0.116693679092;0.0388978930308;0.0470016207455;0.0826580226904;0.04943273906;0.080226904376;0.0
77;2009.0;11.0;0.0;0.0753221010902;0.0;0.0;0.120911793855;0.0445986124876;0.0564915758176;0.0;0.225966303271;0.0673934588702;0.0;0.00693756194252;0.0812685827552;0.0317145688801;0.01189296333;0.0624380574827;0.0406342913776;0.17443012884;0.0
78;2009.0;12.0;0.0;0.075034106412;0.0545702592087;0.0;0.0613915416098;0.0504774897681;0.00818553888131;0.0;0.109140518417;0.0641200545703;0.0150068212824;0.0845839017735;0.0450204638472;0.0163710777626;0.0709413369714;0.110504774898;0.103683492497;0.130968622101;0.0
155;2010.0;1.0;0.0;0.11994168438;0.0272851296044;0.0490699166132;0.0435245071744;0.025238744884;0.00409276944065;0.0;0.202421445867;0.0545103159317;0.018087118146;0.0554414056655;0.0340560946561;0.0274286434355;0.0559966466768;0.0664775317721;0.0999495076338;0.116478538119;0.0
79;2010.0;2.0;0.0;0.164849262348;0.0;0.0981398332264;0.0256574727389;0.0;0.0;0.0;0.295702373316;0.0449005772931;0.0211674150096;0.0262989095574;0.023091725465;0.0384862091084;0.0410519563823;0.0224502886466;0.096215522771;0.101988454137;0.0
80;2010.0;3.0;0.023023023023;0.021021021021;0.043043043043;0.0;0.049049049049;0.0630630630631;0.0;0.0;0.396896896897;0.04004004004;0.017017017017;0.00950950950951;0.145145145145;0.0785785785786;0.048048048048;0.0195195195195;0.00650650650651;0.0395395395395;0.0
81;2010.0;4.0;0.0418794688458;0.0291113381001;0.0219611848825;0.0817160367722;0.0566905005107;0.0153217568948;0.0199182839632;0.0311542390194;0.243615934627;0.0;0.0;0.0199182839632;0.106230847804;0.0781409601634;0.0812053115424;0.0;0.0;0.173135852911;0.0
82;2010.0;5.0;0.0330218068536;0.0261682242991;0.0978193146417;0.0803738317757;0.0461059190031;0.0;0.014953271028;0.0;0.341433021807;0.018691588785;0.0;0.0155763239875;0.0280373831776;0.129595015576;0.0909657320872;0.0249221183801;0.0143302180685;0.0380062305296;0.0
83;2010.0;6.0;0.0;0.0;0.0275150472915;0.166809974205;0.110060189166;0.0;0.0;0.0240756663801;0.2932072227;0.0335339638865;0.0;0.0318142734308;0.049011177988;0.183147033534;0.0524505588994;0.0;0.0;0.0283748925193;0.0
84;2010.0;7.0;0.0;0.0384615384615;0.0673076923077;0.0;0.142628205128;0.0528846153846;0.0;0.0;0.293269230769;0.00801282051282;0.0;0.0592948717949;0.192307692308;0.0849358974359;0.0;0.0;0.0608974358974;0.0;0.0
85;2010.0;9.0;0.0528793915248;0.0601231437885;0.00905469032959;0.0825787758059;0.0282506338283;0.0268018833756;0.0199203187251;0.0213690691778;0.354219485694;0.0235421948569;0.0;0.0304237595074;0.043462513582;0.0702643969576;0.0;0.0586743933357;0.0456356392611;0.0727997102499;0.0
86;2010.0;10.0;0.0;0.129842931937;0.0;0.069109947644;0.0628272251309;0.0;0.0;0.0;0.360209424084;0.0;0.0;0.096335078534;0.125654450262;0.0628272251309;0.0;0.048167539267;0.0;0.0450261780105;0.0
87;2010.0;11.0;0.0;0.030303030303;0.0896464646465;0.0441919191919;0.0568181818182;0.0;0.0492424242424;0.0;0.119949494949;0.0833333333333;0.0277777777778;0.0;0.188131313131;0.0921717171717;0.0;0.0896464646465;0.0;0.128787878788;0.0
88;2010.0;12.0;0.0612460401267;0.0707497360084;0.0876451953537;0.0;0.0749736008448;0.0;0.0;0.0;0.338965153115;0.051742344245;0.0411826821542;0.012671594509;0.0285110876452;0.0369588173178;0.0401267159451;0.0580781414995;0.0;0.0971488912355;0.0
89;2011.0;1.0;0.0;0.0451807228916;0.0647590361446;0.0;0.0;0.105421686747;0.0150602409639;0.0617469879518;0.290662650602;0.0;0.0;0.0150602409639;0.128012048193;0.0572289156627;0.0;0.0918674698795;0.0421686746988;0.0828313253012;0.0
90;2011.0;2.0;0.0;0.028083028083;0.0775335775336;0.0653235653236;0.0384615384615;0.025641025641;0.0;0.010989010989;0.336385836386;0.0775335775336;0.0598290598291;0.0;0.028083028083;0.0128205128205;0.034188034188;0.0885225885226;0.0274725274725;0.0891330891331;0.0
91;2011.0;3.0;0.0;0.0620031796502;0.0222575516693;0.0673025967144;0.06942236354;0.0376258611553;0.0132485426603;0.0132485426603;0.352941176471;0.0524642289348;0.0307366189719;0.0164281928988;0.0720720720721;0.0439851616322;0.0174880763116;0.0683624801272;0.0;0.060413354531;0.0
92;2011.0;4.0;0.0;0.0;0.0634920634921;0.0899470899471;0.0;0.0758377425044;0.0;0.010582010582;0.377425044092;0.0;0.0;0.0440917107584;0.0493827160494;0.167548500882;0.0176366843034;0.0;0.0;0.10405643739;0.0
93;2011.0;5.0;0.0;0.0478964401294;0.0569579288026;0.0854368932039;0.114563106796;0.0;0.0355987055016;0.0653721682848;0.30355987055;0.0;0.0;0.0200647249191;0.0323624595469;0.0977346278317;0.0252427184466;0.0297734627832;0.011003236246;0.0744336569579;0.0
94;2011.0;6.0;0.0;0.0245459008346;0.0785468826706;0.0505645557192;0.0579283259696;0.020618556701;0.0;0.0;0.417771232204;0.0436917034855;0.014236622484;0.0;0.00932744231713;0.0854197349043;0.073146784487;0.0;0.0510554737359;0.073146784487;0.0
95;2011.0;7.0;0.0;0.035;0.0358333333333;0.0266666666667;0.0291666666667;0.0;0.03;0.0;0.349166666667;0.06;0.0383333333333;0.0291666666667;0.110833333333;0.0;0.0233333333333;0.0;0.0483333333333;0.184166666667;0.0
96;2011.0;9.0;0.0;0.0287769784173;0.0302158273381;0.0294964028777;0.068345323741;0.058273381295;0.063309352518;0.0;0.372661870504;0.041726618705;0.0;0.0258992805755;0.0;0.140287769784;0.0187050359712;0.041726618705;0.0302158273381;0.0503597122302;0.0
156;2011.0;10.0;0.0;0.0284300032501;0.0538747024359;0.0474099841006;0.0534034311013;0.041957203468;0.031654676259;0.00549450549451;0.354523853445;0.0596300981193;0.0299145299145;0.0129496402878;0.0140415140415;0.0765541413023;0.0264465350796;0.0651246036138;0.0288441774053;0.0697464006817;0.0
157;2011.0;11.0;0.0;0.0282565156666;0.0657041399847;0.0563667747121;0.0459324847814;0.0337991145545;0.0158273381295;0.00824175824176;0.345454844915;0.0685818378264;0.0448717948718;0.00647482014388;0.0210622710623;0.0446873270614;0.0303172846338;0.0768235960682;0.0281583524389;0.0794397449074;0.0
158;2011.0;12.0;0.0;0.0281697718748;0.0716188587591;0.0608451700178;0.0421970116215;0.0297200700978;0.00791366906475;0.00961538461538;0.340920340651;0.07305770768;0.0523504273504;0.00323741007194;0.0245726495726;0.028753919941;0.0322526594109;0.0826730922954;0.0278154399557;0.0842864170202;0.0
159;2012.0;1.0;0.0;0.0821659499019;0.0741248188666;0.148535314585;0.0359813430495;0.0386092434086;0.00395683453237;0.00480769230769;0.304089049363;0.061861342757;0.0397914264681;0.00161870503597;0.0122863247863;0.044142634448;0.0348090402818;0.0413365461477;0.0224574349874;0.0494262990738;0.0
97;2012.0;2.0;0.0;0.136162127929;0.076630778974;0.236225459151;0.0297656744775;0.0474984167194;0.0;0.0;0.267257758075;0.0506649778341;0.0272324255858;0.0;0.0;0.059531348955;0.0373654211526;0.0;0.017099430019;0.0145661811273;0.0
98;2012.0;3.0;0.0;0.0153592978607;0.0;0.146461876029;0.0669226549643;0.0817334064728;0.0;0.0;0.312122874383;0.0;0.0181020296215;0.0;0.0614371914427;0.15194733955;0.0619857377948;0.0257816785518;0.0411409764125;0.0170049369172;0.0
99;2012.0;4.0;0.0;0.0320855614973;0.0441176470588;0.152406417112;0.0842245989305;0.0467914438503;0.0;0.0;0.185828877005;0.0;0.0;0.0641711229947;0.160427807487;0.0;0.057486631016;0.0855614973262;0.0494652406417;0.0374331550802;0.0
100;2012.0;5.0;0.0;0.0864485981308;0.102803738318;0.0428348909657;0.0;0.133956386293;0.0;0.0;0.356697819315;0.0257009345794;0.0280373831776;0.0210280373832;0.01246105919;0.018691588785;0.0233644859813;0.0568535825545;0.0;0.0911214953271;0.0
101;2012.0;6.0;0.0;0.0442939030745;0.0745179781136;0.0698280354351;0.0771235018239;0.0203230849401;0.0;0.0;0.439812402293;0.0260552371027;0.0;0.0416883793643;0.0667014069828;0.0244919228765;0.0573215216258;0.0270974465868;0.0224075039083;0.00833767587285;0.0
102;2012.0;7.0;0.0;0.0;0.0;0.0978441127695;0.0;0.06135986733;0.0;0.0;0.484245439469;0.0;0.0;0.0;0.0530679933665;0.164179104478;0.0;0.089552238806;0.0497512437811;0.0;0.0
103;2012.0;9.0;0.0;0.0266086115143;0.088534107402;0.0474117077891;0.0953072085148;0.0817610062893;0.0;0.0;0.317368166425;0.0125786163522;0.0803096274794;0.0188679245283;0.029511369134;0.0599903241413;0.033381712627;0.0420899854862;0.03725205612;0.0290275761974;0.0
104;2012.0;10.0;0.0;0.0488165680473;0.126479289941;0.144970414201;0.0;0.0103550295858;0.0;0.0;0.320266272189;0.0147928994083;0.0;0.0;0.130177514793;0.0207100591716;0.0591715976331;0.030325443787;0.0;0.0939349112426;0.0
105;2012.0;11.0;0.0;0.0851063829787;0.0;0.0297872340426;0.0496453900709;0.175886524823;0.0;0.0;0.204255319149;0.0;0.0;0.0;0.0964539007092;0.0;0.110638297872;0.0695035460993;0.0439716312057;0.13475177305;0.0
106;2012.0;12.0;0.0;0.122241086587;0.140067911715;0.108658743633;0.0212224108659;0.00339558573854;0.0568760611205;0.0;0.37181663837;0.00679117147708;0.0;0.0;0.0;0.044142614601;0.0772495755518;0.0;0.0475382003396;0.0;0.0
107;2013.0;1.0;0.0;0.0;0.0;0.134297520661;0.0;0.0743801652893;0.0;0.0;0.138429752066;0.0;0.0;0.0;0.171487603306;0.0;0.340909090909;0.0;0.0413223140496;0.099173553719;0.0
108;2013.0;2.0;0.0;0.0152838427948;0.0786026200873;0.0924308588064;0.0487627365357;0.124454148472;0.0480349344978;0.0;0.248908296943;0.0;0.070596797671;0.0;0.0524017467249;0.0698689956332;0.109898107715;0.0;0.0;0.0407569141194;0.0
109;2013.0;3.0;0.0;0.0543328748281;0.025447042641;0.156808803301;0.0;0.0281980742779;0.0275103163686;0.0;0.361760660248;0.0295735900963;0.0;0.0543328748281;0.0151306740028;0.0667125171939;0.0206327372765;0.0653370013755;0.0261348005502;0.0680880330124;0.0
110;2013.0;4.0;0.00946372239748;0.12978819288;0.0261378999549;0.0;0.0347003154574;0.0500225326724;0.00766110860748;0.013519603425;0.269941415052;0.0500225326724;0.0;0.0383055430374;0.0626408292023;0.174402884182;0.0238846327174;0.0455159981974;0.0139702568725;0.0500225326724;0.0
111;2013.0;5.0;0.0174340634779;0.0303978542691;0.100581135449;0.131873044256;0.0187751452839;0.0335270451498;0.0129637907912;0.0214573088958;0.183728207421;0.0442556995977;0.0;0.0751005811354;0.103263299061;0.113097898972;0.0545373267769;0.0290567724631;0.0;0.0299508270004;0.0
112;2013.0;6.0;0.0;0.0213823968175;0.0835405271009;0.0358030830433;0.0571854798608;0.0358030830433;0.0755842864247;0.0;0.236698160119;0.0198906016907;0.0;0.0367976131278;0.0537046245649;0.162605668821;0.0671307807061;0.0;0.0671307807061;0.0467429139731;0.0
160;2013.0;7.0;0.0;0.0286102735533;0.0830997433193;0.113855298747;0.0375522775026;0.0502714837182;0.0429944553511;0.0205202312139;0.189158328615;0.0168817170303;0.0;0.0288034308414;0.0482395955194;0.0954646841217;0.122582731394;0.00895953757225;0.0540856215669;0.0589205899346;0.0
113;2013.0;9.0;0.0;0.035838150289;0.0826589595376;0.191907514451;0.0179190751445;0.0647398843931;0.0104046242775;0.0410404624277;0.14161849711;0.0138728323699;0.0;0.0208092485549;0.042774566474;0.028323699422;0.178034682081;0.0179190751445;0.0410404624277;0.071098265896;0.0
114;2013.0;10.0;0.0131371518655;0.0;0.0446663163426;0.0136626379401;0.0367840252233;0.0977404098791;0.033105622701;0.0136626379401;0.303205465055;0.0136626379401;0.015239096164;0.0693641618497;0.119810825013;0.0867052023121;0.0215449290594;0.0;0.0325801366264;0.0851287440883;0.0
115;2013.0;11.0;0.0;0.0679468242245;0.121122599705;0.0480059084195;0.033234859675;0.0;0.0118168389956;0.0;0.394387001477;0.01329394387;0.0;0.0;0.131462333826;0.0251107828656;0.0620384047267;0.0420974889217;0.0147710487445;0.0347119645495;0.0
116;2013.0;12.0;0.0;0.0789835164835;0.0274725274725;0.0892857142857;0.0157967032967;0.092032967033;0.0260989010989;0.0542582417582;0.148351648352;0.0199175824176;0.0;0.0542582417582;0.0;0.168956043956;0.0995879120879;0.0137362637363;0.0;0.111263736264;0.0
117;2014.0;1.0;0.0;0.226573426573;0.0;0.0;0.0251748251748;0.135664335664;0.134265734266;0.0;0.0;0.0;0.0;0.0447552447552;0.247552447552;0.0;0.100699300699;0.0;0.0;0.0853146853147;0.0
118;2014.0;2.0;0.0;0.0156494522692;0.0547730829421;0.129890453834;0.0;0.0172143974961;0.0719874804382;0.0;0.169014084507;0.0657276995305;0.0;0.223787167449;0.0234741784038;0.0782472613459;0.0312989045383;0.0;0.0845070422535;0.0344287949922;0.0
119;2014.0;3.0;0.0;0.0867802108678;0.156528791565;0.0608272506083;0.0227088402271;0.0;0.0;0.0227088402271;0.318734793187;0.0;0.0940794809408;0.0081103000811;0.105433901054;0.0235198702352;0.073803730738;0.00405515004055;0.0227088402271;0.0;0.0
120;2014.0;4.0;0.0;0.0492040520984;0.040520984081;0.0;0.0839363241679;0.0;0.0;0.0;0.107091172214;0.0;0.0520984081042;0.0723589001447;0.228654124457;0.0520984081042;0.196816208394;0.0;0.0;0.117221418234;0.0
121;2014.0;5.0;0.0207175341081;0.0591207680647;0.0641738251642;0.0581101566448;0.022738756948;0.0520464881253;0.0752905507832;0.0;0.199090449722;0.0161697827185;0.0;0.0955027791814;0.033855482567;0.119252147549;0.0914603335018;0.0186963112683;0.0156644770086;0.0581101566448;0.0
122;2014.0;6.0;0.0;0.0536277602524;0.0;0.0;0.0488958990536;0.0;0.0851735015773;0.0599369085174;0.277602523659;0.0615141955836;0.0;0.0268138801262;0.118296529968;0.0;0.222397476341;0.0;0.0;0.0457413249211;0.0
123;2014.0;7.0;0.0562390158172;0.0369068541301;0.226713532513;0.0562390158172;0.163444639719;0.200351493849;0.0;0.0;0.0474516695958;0.0;0.0;0.0333919156415;0.0579964850615;0.0509666080844;0.01230228471;0.0;0.0;0.0579964850615;0.0
124;2014.0;9.0;0.0;0.0807969009408;0.0946319867183;0.0503597122302;0.0193691200885;0.0;0.0442722744881;0.0132816823464;0.303265080243;0.0;0.0741560597676;0.0;0.0503597122302;0.0;0.209186496956;0.00940785832872;0.038184836746;0.0127282789153;0.0
125;2014.0;10.0;0.0;0.0390745501285;0.0606683804627;0.0287917737789;0.0370179948586;0.250385604113;0.0;0.0;0.180976863753;0.0;0.0;0.0;0.133161953728;0.0452442159383;0.0838046272494;0.00822622107969;0.0755784061697;0.0570694087404;0.0
126;2014.0;11.0;0.0;0.112184249629;0.0260029717682;0.0490341753343;0.0304606240713;0.0282317979198;0.0;0.0;0.209509658247;0.0;0.0274888558692;0.037147102526;0.317979197623;0.0163447251114;0.0869242199108;0.0364041604755;0.0;0.0222882615156;0.0
127;2014.0;12.0;0.0;0.104584527221;0.0;0.0773638968481;0.17335243553;0.0222063037249;0.0601719197708;0.0;0.139684813754;0.035100286533;0.0;0.132521489971;0.00429799426934;0.0995702005731;0.0286532951289;0.0329512893983;0.0;0.0895415472779;0.0
128;2015.0;1.0;0.0;0.0769230769231;0.0;0.305128205128;0.0538461538462;0.0;0.0871794871795;0.0;0.0615384615385;0.0;0.0;0.0;0.0;0.130769230769;0.0692307692308;0.0;0.0;0.215384615385;0.0
129;2015.0;2.0;0.0191570881226;0.0229885057471;0.109578544061;0.0750957854406;0.0390804597701;0.0275862068966;0.0;0.0;0.241379310345;0.0;0.0513409961686;0.0;0.226819923372;0.0582375478927;0.032183908046;0.0122605363985;0.0773946360153;0.00689655172414;0.0
130;2015.0;3.0;0.0;0.0;0.035;0.075;0.0933333333333;0.0;0.0;0.0;0.286666666667;0.0;0.0;0.0;0.241666666667;0.0;0.0716666666667;0.128333333333;0.0;0.0683333333333;0.0
